 1 0 3 197  1.
     0.168     -0.479     1     3      0.582     0  2212
     0.122      0.469     2     3      0.128     0  2112
     1.210      0.010     3     3     -0.710     0  2112
    -1.049      1.985    -1     0     -7.830  2212  2212
    -0.799      0.453    -2     3     -6.088     0  2212
    -2.976      2.271    -3     0     -5.560  2212  2212
    -1.334     -0.427    -4     0     -5.456  2212  2212
    -3.747      1.050    -5     0     -5.300  2212  2212
     0.806     -4.350    -6     0     -5.168  2212  2212
     0.827      0.746    -7     3     -5.123     0  2212
     1.295     -0.096    -8     3     -5.101     0  2212
     0.112     -1.661    -9     0     -4.906  2212  2212
     3.506     -0.542   -10     0     -4.753  2212  2212
     0.322     -4.313   -11     0     -4.524  2212  2212
    -0.799      0.126   -12     3     -4.500     0  2212
    -0.871     -3.261   -13     0     -4.054  2212  2212
    -3.693      1.584   -14     0     -3.982  2212  2212
     0.927     -0.561   -15     3     -3.902     0  2212
     0.747     -2.211   -16     0     -3.884  2212  2212
     4.565      3.193   -17     0     -3.883  2212  2212
    -1.427     -2.373   -18     0     -3.878  2212  2212
    -4.836      2.292   -19     0     -3.858  2212  2212
    -0.467     -3.322   -20     0     -3.683  2212  2212
    -1.879      2.088   -21     0     -3.677  2212  2212
    -4.815     -2.904   -22     0     -3.675  2212  2212
     4.468      0.442   -23     0     -3.642  2212  2212
    -3.938     -1.666   -24     0     -3.457  2212  2212
    -5.533      0.522   -25     0     -3.428  2212  2212
    -5.431      3.250   -26     0     -3.404  2212  2212
     3.815     -1.179   -27     0     -3.369  2212  2212
     1.538      7.055   -28     0     -3.253  2212  2212
     2.638     -2.462   -29     0     -3.159  2212  2212
    -4.699      1.816   -30     0     -3.117  2212  2212
     3.754      0.987   -31     0     -3.080  2212  2212
     1.059      2.753   -32     0     -3.034  2212  2212
    -0.755     -5.233   -33     0     -3.021  2212  2212
     0.767      1.981   -34     0     -2.995  2212  2212
    -2.488      1.126   -35     0     -2.966  2212  2212
     1.435      5.303   -36     0     -2.947  2212  2212
    -5.133      0.392   -37     0     -2.885  2212  2212
     0.635      3.902   -38     0     -2.844  2212  2212
     3.115     -1.611   -39     0     -2.773  2212  2212
     1.128      5.159   -40     0     -2.557  2212  2212
     1.013     -1.692   -41     0     -2.390  2212  2212
     0.970      3.779   -42     0     -2.385  2212  2212
     2.819      2.108   -43     0     -2.341  2212  2212
     2.419     -1.641   -44     0     -2.303  2212  2212
     0.886      0.463   -45     3     -2.294     0  2212
    -0.816     -5.040   -46     0     -2.267  2212  2212
     2.029     -5.539   -47     0     -2.262  2212  2212
     1.744      0.921   -48     3     -2.232     0  2212
     5.249     -1.684   -49     0     -2.159  2212  2212
     1.328     -4.012   -50     0     -2.129  2212  2212
     4.734     -1.573   -51     0     -2.104  2212  2212
     5.709     -1.912   -52     0     -2.063  2212  2212
     2.318      1.056   -53     0     -2.005  2212  2212
     0.776     -5.680   -54     0     -1.861  2212  2212
    -5.809      1.378   -55     0     -1.860  2212  2212
    -4.988      2.661   -56     0     -1.851  2212  2212
    -3.349     -1.052   -57     0     -1.842  2212  2212
    -0.667     -0.135   -58     3     -1.811     0  2212
    -4.777      3.590   -59     0     -1.764  2212  2212
    -6.147     -0.445   -60     0     -1.721  2212  2212
    -2.605      3.547   -61     0     -1.664  2212  2212
    -3.802      6.633   -62     0     -1.620  2212  2212
     1.391     -0.045   -63     3     -1.579     0  2212
     3.882      1.022   -64     0     -1.577  2212  2212
     2.420     -1.912   -65     0     -1.522  2212  2212
    -2.311     -3.486   -66     0     -1.463  2212  2212
     0.402      4.009   -67     0     -1.332  2212  2212
     2.869     -1.698   -68     0     -1.328  2212  2212
    -0.938     -2.513   -69     0     -1.267  2212  2212
     1.963     -0.756   -70     3     -1.215     0  2212
     4.168      2.301   -71     0     -1.214  2212  2212
    -4.771      4.585   -72     0     -1.133  2212  2212
    -3.069     -0.544   -73     0     -1.102  2212  2212
    -3.491      2.650   -74     0     -1.035  2212  2212
     0.567     -1.750   -75     0     -0.981  2212  2212
    -0.613     -1.258   -76     3     -0.929     0  2212
     0.183     -0.752   -77     3     -0.830     0  2212
     0.374      1.777   -78     0     -0.821  2212  2212
    -0.300      4.173   -79     0     -0.812  2212  2212
    -3.954      5.825   -80     0     -0.778  2112  2112
    -0.624      1.516   -81     0     -0.749  2112  2112
     3.581      0.642   -82     0     -0.711  2112  2112
     2.730      3.358   -83     0     -0.646  2112  2112
     1.952      3.662   -84     0     -0.605  2112  2112
    -1.428     -5.295   -85     0     -0.594  2112  2112
    -0.262     -0.879   -86     3     -0.534     0  2112
     2.639      4.612   -87     0     -0.482  2112  2112
    -0.510      3.659   -88     0     -0.389  2112  2112
     1.776     -1.195   -89     0     -0.330  2112  2112
     0.579      5.159   -90     0     -0.308  2112  2112
    -3.218     -5.682   -91     0     -0.252  2112  2112
    -4.480     -4.379   -92     0     -0.191  2112  2112
    -3.847     -0.259   -93     0     -0.147  2112  2112
     2.887      3.879   -94     0     -0.144  2112  2112
    -3.316      0.957   -95     0     -0.118  2112  2112
    -0.662     -2.907   -96     0     -0.048  2112  2112
    -5.666      4.348   -97     0      0.062  2112  2112
    -6.535     -0.390   -98     0      0.070  2112  2112
    -3.409      1.240   -99     0      0.188  2112  2112
    -1.606      3.839  -100     0      0.192  2112  2112
     2.626      2.488  -101     0      0.196  2112  2112
     1.251      1.210  -102     0      0.253  2112  2112
    -3.729      0.887  -103     0      0.271  2112  2112
    -5.181     -1.972  -104     0      0.294  2112  2112
     2.909     -3.320  -105     0      0.309  2112  2112
     1.793      4.459  -106     0      0.314  2112  2112
    -3.790     -3.069  -107     0      0.339  2112  2112
    -0.947      5.632  -108     0      0.396  2112  2112
     1.725     -4.980  -109     0      0.437  2112  2112
     1.574      2.085  -110     0      0.454  2112  2112
     3.673      1.929  -111     0      0.631  2112  2112
    -0.553     -5.112  -112     0      0.635  2112  2112
    -4.093      2.654  -113     0      0.637  2112  2112
    -5.150     -2.111  -114     0      0.679  2112  2112
    -4.229     -0.361  -115     0      0.684  2112  2112
    -2.829      0.199  -116     0      0.779  2112  2112
    -1.702      2.604  -117     0      0.794  2112  2112
     0.346      2.306  -118     0      0.828  2112  2112
    -5.226      0.716  -119     0      1.058  2112  2112
    -1.663     -2.446  -120     0      1.068  2112  2112
    -6.374     -3.656  -121     0      1.114  2112  2112
    -1.899     -0.459  -122     0      1.281  2112  2112
    -2.790     -4.856  -123     0      1.349  2112  2112
     1.782      3.795  -124     0      1.385  2112  2112
     2.408      1.499  -125     0      1.541  2112  2112
     1.113     -1.030  -126     3      1.652     0  2112
     4.516     -1.309  -127     0      1.753  2112  2112
    -2.040     -4.731  -128     0      1.768  2112  2112
     6.724      2.747  -129     0      1.937  2112  2112
    -6.291     -2.345  -130     0      2.001  2112  2112
    -3.656     -3.225  -131     0      2.059  2112  2112
     0.131      0.711  -132     3      2.134     0  2112
     1.573      3.177  -133     0      2.323  2112  2112
    -3.665      1.599  -134     0      2.354  2112  2112
    -0.332      3.133  -135     0      2.376  2112  2112
    -0.985      3.415  -136     0      2.382  2112  2112
     0.998      5.300  -137     0      2.498  2112  2112
    -5.162      1.010  -138     0      2.548  2112  2112
     3.834      3.001  -139     0      2.550  2112  2112
    -3.328     -0.331  -140     0      2.624  2112  2112
    -2.498     -0.016  -141     0      2.701  2112  2112
    -4.436      4.942  -142     0      2.723  2112  2112
    -0.461      2.155  -143     0      2.742  2112  2112
     1.697      3.976  -144     0      2.934  2112  2112
    -1.722      4.590  -145     0      2.966  2112  2112
     0.298      0.256  -146     3      2.989     0  2112
    -0.684     -2.913  -147     0      3.009  2112  2112
     3.590     -3.939  -148     0      3.022  2112  2112
    -1.500     -4.363  -149     0      3.034  2112  2112
     0.010     -4.100  -150     0      3.078  2112  2112
     0.077     -1.636  -151     3      3.100     0  2112
    -4.205     -2.289  -152     0      3.207  2112  2112
     1.565     -1.095  -153     0      3.403  2112  2112
     1.552      5.213  -154     0      3.413  2112  2112
     2.682      0.311  -155     0      3.451  2112  2112
     1.048      2.846  -156     0      3.498  2112  2112
     0.399      6.550  -157     0      3.583  2112  2112
    -2.907     -3.925  -158     0      3.618  2112  2112
     0.927      6.508  -159     0      3.623  2112  2112
     3.544     -3.063  -160     0      3.634  2112  2112
     4.709     -2.133  -161     0      3.729  2112  2112
    -4.018      0.856  -162     0      3.755  2112  2112
    -4.641     -1.439  -163     0      3.785  2112  2112
     2.753      3.038  -164     0      3.805  2112  2112
    -4.563     -0.008  -165     0      3.854  2112  2112
    -7.951      1.402  -166     0      3.939  2112  2112
    -0.991      1.448  -167     0      3.972  2112  2112
    -2.699     -4.054  -168     0      4.011  2112  2112
     1.322      4.810  -169     0      4.072  2112  2112
    -1.186      2.625  -170     0      4.076  2112  2112
    -1.169     -1.422  -171     0      4.092  2112  2112
    -5.744     -2.058  -172     0      4.168  2112  2112
    -2.500     -0.355  -173     0      4.172  2112  2112
    -2.100     -2.429  -174     0      4.175  2112  2112
    -1.381      5.447  -175     0      4.424  2112  2112
    -1.355      3.117  -176     0      4.495  2112  2112
    -0.589      3.640  -177     0      4.668  2112  2112
     3.007     -3.826  -178     0      4.709  2112  2112
     0.714      2.637  -179     0      4.789  2112  2112
    -6.439      0.929  -180     0      4.832  2112  2112
     0.203      3.983  -181     0      4.836  2112  2112
    -2.247      3.994  -182     0      4.902  2112  2112
    -0.437     -3.292  -183     0      4.997  2112  2112
    -3.645      2.284  -184     0      5.205  2112  2112
    -2.439     -2.034  -185     0      5.210  2112  2112
     2.346     -0.673  -186     0      5.294  2112  2112
     3.077      1.007  -187     0      5.406  2112  2112
    -0.386      1.244  -188     3      5.459     0  2112
    -3.213      0.254  -189     0      5.543  2112  2112
    -2.092     -1.745  -190     0      5.706  2112  2112
    -2.306      0.643  -191     0      5.871  2112  2112
     1.367      1.611  -192     0      5.941  2112  2112
    -1.253     -3.156  -193     0      6.212  2112  2112
    -1.578     -0.166  -194     0      6.534  2112  2112
    -2.718     -0.792  -195     0      6.804  2112  2112
    -0.268     -0.909  -196     3      6.816     0  2112
    -2.506     -2.813  -197     0      7.534  2112  2112
